protocol: pbft
f: 1
k: 6
drones:
- host: localhost
  port: 20001
  latitude: 36.6266
  longitude: 127.4585
  altitude: 0
- host: localhost
  port: 30000
  latitude: 36.6272394
  longitude: 127.4606421
  altitude: 40
  offset_m: 'lat: 70 m, lng: 190 m, alt: 267 m'
- host: localhost
  port: 30001
  latitude: 36.6288379
  longitude: 127.4604961
  altitude: 50
  offset_m: 'lat: 248 m, lng: 177 m, alt: 211 m'
- host: localhost
  port: 30002
  latitude: 36.6271775
  longitude: 127.4608729
  altitude: 400
  offset_m: 'lat: 64 m, lng: 211 m, alt: 253 m'
- host: localhost
  port: 30003
  latitude: 36.6286646
  longitude: 127.4606176
  altitude: 300
  offset_m: 'lat: 229 m, lng: 188 m, alt: 72 m'